[PARAMETER]
camera_matrix = [1766.131892, 0, 509.485626, 0, 1767.300947, 378.562232, 0, 0, 1]
distortion = [-0.223694, 0.129762, 0.000719, -0.000284, 0, 0, 0, 0]
